epoch:0 0.0113  0.044  0.0001  0.0062  0.0127  0.0395  0.013  0.0298  0.0584  0.0445  0.0613  0.11  11.0869  0.001
epoch:1 0.0118  0.0448  0.0017  0.018  0.0054  0.0288  0.0197  0.0761  0.1202  0.1328  0.0813  0.17  7.8064  0.000997
epoch:2 0.0249  0.0763  0.0037  0.0377  0.0077  0.0661  0.0336  0.1025  0.171  0.1906  0.11  0.25  7.6179  0.000989
epoch:3 0.0228  0.0716  0.005  0.0481  0.0112  0.0676  0.0349  0.1021  0.1529  0.1445  0.135  0.2367  6.3211  0.000976
epoch:4 0.0292  0.0895  0.0058  0.0603  0.0184  0.0589  0.0399  0.113  0.2008  0.2133  0.1763  0.2133  6.5047  0.000957
epoch:5 0.0375  0.1071  0.0171  0.0611  0.0227  0.085  0.0437  0.1164  0.2345  0.2406  0.2025  0.2933  6.425  0.000934
epoch:6 0.0421  0.1238  0.0084  0.0665  0.0268  0.0912  0.0479  0.1139  0.2349  0.2352  0.1987  0.33  6.0363  0.000905
epoch:7 0.0502  0.1458  0.0103  0.0655  0.0322  0.1222  0.0576  0.1256  0.245  0.2414  0.2237  0.3167  6.6963  0.000873
epoch:8 0.0618  0.1643  0.0213  0.0739  0.0444  0.1351  0.0588  0.1349  0.2731  0.2781  0.2337  0.3567  6.591  0.000836
epoch:9 0.0738  0.19  0.0251  0.0868  0.0524  0.1511  0.0647  0.1424  0.2727  0.282  0.2362  0.33  6.2805  0.000796
epoch:10 0.0833  0.2166  0.0407  0.0965  0.0541  0.1877  0.0668  0.1525  0.2702  0.2656  0.2313  0.3933  6.282  0.000752
epoch:11 0.0915  0.2219  0.0511  0.1151  0.0518  0.1921  0.0668  0.1609  0.2731  0.2656  0.225  0.4333  5.8951  0.000706
epoch:12 0.0957  0.2428  0.0566  0.107  0.0678  0.2003  0.0697  0.155  0.2727  0.2531  0.2425  0.4367  5.8752  0.000658
epoch:13 0.1001  0.2513  0.0721  0.1083  0.0689  0.235  0.0693  0.1685  0.2908  0.293  0.2338  0.4333  6.3548  0.000608
epoch:14 0.0984  0.2411  0.0647  0.1042  0.066  0.2316  0.0697  0.1571  0.2824  0.2891  0.2288  0.3967  6.1686  0.000557
epoch:15 0.1151  0.2655  0.0802  0.1237  0.0756  0.2555  0.0761  0.1731  0.3109  0.3211  0.245  0.4433  6.1552  0.000505
epoch:16 0.1279  0.3036  0.0938  0.1339  0.0866  0.2668  0.0782  0.1798  0.3092  0.3148  0.2513  0.44  6.0144  0.000453
epoch:17 0.1287  0.3061  0.0975  0.1359  0.0873  0.2791  0.0761  0.1945  0.3218  0.3266  0.2638  0.4567  6.2495  0.000402
epoch:18 0.1334  0.316  0.0828  0.1406  0.0871  0.2849  0.0807  0.1929  0.3197  0.3203  0.245  0.5167  5.4174  0.000352
epoch:19 0.1339  0.3131  0.0886  0.1369  0.0857  0.2992  0.0769  0.1908  0.3189  0.318  0.245  0.52  5.9767  0.000304
epoch:20 0.1385  0.3236  0.0947  0.1503  0.0882  0.3032  0.0782  0.192  0.3282  0.3352  0.2513  0.5033  5.9815  0.000258
epoch:21 0.1429  0.3412  0.1105  0.1577  0.0864  0.3022  0.0828  0.195  0.3361  0.3539  0.25  0.49  5.6784  0.000214
epoch:22 0.1431  0.3329  0.1088  0.1525  0.0951  0.2942  0.0815  0.2025  0.3353  0.3445  0.2538  0.5133  5.6627  0.000174
epoch:23 0.1392  0.3246  0.0968  0.1496  0.087  0.3098  0.0824  0.1966  0.3239  0.3312  0.245  0.5033  5.5816  0.000137
epoch:24 0.1438  0.3277  0.1156  0.1556  0.0868  0.3196  0.079  0.2025  0.3429  0.357  0.2588  0.5067  6.1075  0.000105
epoch:25 0.1501  0.341  0.1222  0.1635  0.0915  0.3285  0.0807  0.2025  0.3508  0.3609  0.2687  0.5267  6.0066  7.6e-05
epoch:26 0.1474  0.3382  0.1065  0.1608  0.0903  0.3221  0.0794  0.1992  0.3462  0.3641  0.2575  0.5067  5.5517  5.3e-05
epoch:27 0.1454  0.3291  0.1156  0.1612  0.086  0.3166  0.0803  0.2004  0.3458  0.3602  0.2638  0.5033  5.6854  3.4e-05
epoch:28 0.1421  0.3272  0.1067  0.1569  0.086  0.3078  0.0786  0.1983  0.3349  0.35  0.2562  0.48  5.8774  2.1e-05
epoch:29 0.1448  0.3271  0.1106  0.1553  0.0905  0.3222  0.0777  0.1987  0.3395  0.3547  0.265  0.4733  6.1266  1.3e-05
epoch:30 0.147  0.3571  0.097  0.1607  0.0968  0.2933  0.0803  0.2021  0.3429  0.3664  0.2513  0.4867  5.8367  0.001
epoch:31 0.1499  0.3612  0.0877  0.1584  0.096  0.3274  0.0828  0.2143  0.3487  0.3578  0.26  0.5467  5.5563  0.000479
epoch:32 0.1646  0.3863  0.1086  0.1758  0.1109  0.3356  0.0874  0.2256  0.3555  0.3656  0.2675  0.5467  5.8453  0.000453
epoch:33 0.1683  0.3889  0.1284  0.1919  0.105  0.2972  0.0849  0.2265  0.3588  0.3867  0.2662  0.4867  5.5142  0.001
epoch:34 0.1784  0.398  0.1552  0.198  0.112  0.3328  0.0849  0.2307  0.3668  0.3852  0.2738  0.5367  5.7794  0.000402
epoch:35 0.1784  0.402  0.1432  0.1955  0.1159  0.3261  0.0874  0.237  0.3664  0.3867  0.27  0.5367  5.6429  0.000377
epoch:36 0.1747  0.4122  0.123  0.1828  0.1235  0.3334  0.0857  0.2412  0.3622  0.368  0.275  0.57  5.3577  0.000352
epoch:37 0.1769  0.4043  0.1198  0.1949  0.1158  0.3186  0.0912  0.2395  0.363  0.3789  0.2712  0.54  5.6475  0.000328
epoch:38 0.1685  0.3742  0.1188  0.1777  0.1149  0.3303  0.0874  0.2265  0.3613  0.3766  0.28  0.5133  6.2365  0.000304
epoch:39 0.1745  0.4001  0.1037  0.1903  0.1142  0.3316  0.0845  0.2311  0.366  0.3875  0.2725  0.5233  5.7707  0.00028
epoch:40 0.1797  0.4093  0.1264  0.1976  0.1187  0.3258  0.0899  0.2324  0.3782  0.3977  0.2863  0.54  5.5228  0.000258
epoch:41 0.1821  0.4199  0.126  0.1964  0.1242  0.3312  0.092  0.2345  0.3739  0.3844  0.2975  0.5333  5.6458  0.000235
epoch:42 0.1813  0.4152  0.1159  0.1963  0.1236  0.3257  0.0941  0.2357  0.3761  0.3883  0.2975  0.5333  6.0154  0.000214
epoch:43 0.1831  0.4151  0.1294  0.1974  0.1207  0.3376  0.0874  0.2353  0.3777  0.4023  0.2912  0.5033  6.179  0.000193
epoch:44 0.1763  0.3903  0.1494  0.1829  0.1233  0.3392  0.0882  0.2349  0.3765  0.393  0.3013  0.5067  5.907  0.000174
epoch:45 0.1816  0.3902  0.1374  0.1863  0.1198  0.3578  0.0908  0.2382  0.3824  0.3977  0.305  0.5233  5.6941  0.000155
epoch:46 0.1859  0.4244  0.13  0.1984  0.1226  0.3592  0.0853  0.2529  0.3815  0.3961  0.2913  0.56  5.3759  0.000137
epoch:47 0.1922  0.4277  0.1415  0.2095  0.1206  0.3532  0.0924  0.2429  0.379  0.3914  0.295  0.55  5.643  0.00012
epoch:48 0.1886  0.4272  0.1423  0.2016  0.1275  0.356  0.095  0.2416  0.3807  0.3992  0.2975  0.5233  5.6055  0.000105
epoch:49 0.1863  0.4247  0.1296  0.2004  0.124  0.3433  0.0882  0.2382  0.3899  0.4102  0.3063  0.5267  5.7708  9e-05
epoch:50 0.1864  0.4143  0.1342  0.2022  0.117  0.3434  0.0891  0.2445  0.3958  0.4266  0.2913  0.5433  5.239  7.6e-05
epoch:51 0.1868  0.4229  0.1251  0.1996  0.1221  0.3498  0.0903  0.2492  0.395  0.4039  0.3163  0.5667  5.3907  6.4e-05
epoch:52 0.1896  0.4185  0.1573  0.201  0.1264  0.3485  0.0933  0.2555  0.3899  0.4031  0.3075  0.5533  5.534  5.3e-05
epoch:53 0.1874  0.4107  0.156  0.2044  0.1211  0.3397  0.087  0.2529  0.3824  0.3953  0.3188  0.4967  5.8366  4.3e-05
epoch:54 0.1867  0.4294  0.1314  0.2009  0.1274  0.3384  0.0853  0.2479  0.3908  0.407  0.3075  0.5433  5.1243  3.4e-05
epoch:55 0.1889  0.431  0.1408  0.2027  0.1258  0.3541  0.0853  0.25  0.387  0.407  0.2938  0.55  5.3927  2.7e-05
epoch:56 0.1937  0.4315  0.1353  0.2063  0.1259  0.3776  0.0895  0.2508  0.3933  0.4148  0.2863  0.5867  5.6437  2.1e-05
epoch:57 0.1867  0.4296  0.1157  0.2006  0.118  0.3691  0.0899  0.2445  0.3769  0.3977  0.2738  0.5633  5.1289  1.6e-05
epoch:58 0.1898  0.4344  0.1332  0.1988  0.1257  0.3723  0.0933  0.2475  0.3853  0.3922  0.3062  0.5667  5.5062  1.3e-05
epoch:59 0.1885  0.4268  0.1331  0.2031  0.126  0.3395  0.0887  0.2483  0.387  0.4094  0.2963  0.5333  5.4585  1.1e-05
