0 0.522569 0.226984 0.086806 0.066667
0 0.385417 0.312698 0.055556 0.066667
0 0.314236 0.531746 0.079861 0.066667
0 0.515625 0.666667 0.086806 0.076190
0 0.657986 0.631746 0.093750 0.088889
0 0.774306 0.476190 0.090278 0.082540
0 0.809028 0.334921 0.069444 0.066667
0 0.638889 0.100000 0.131944 0.073016
0 0.767361 0.679365 0.090278 0.069841
0 0.595486 0.876190 0.114583 0.057143
0 0.413194 0.898413 0.041667 0.044444
0 0.578125 0.965079 0.086806 0.031746
0 0.585069 0.807937 0.100694 0.028571
0 0.897569 0.487302 0.024306 0.028571
