0 0.415989 0.714634 0.046070 0.043902
0 0.414634 0.542683 0.032520 0.031707
0 0.510840 0.593902 0.035230 0.026829
0 0.574526 0.714634 0.037940 0.039024
0 0.546070 0.821951 0.051491 0.043902
0 0.223577 0.869512 0.078591 0.046341
0 0.788618 0.641463 0.043360 0.053659
0 0.921409 0.578049 0.037940 0.043902
0 0.901084 0.750000 0.040650 0.051220
0 0.130081 0.362195 0.043360 0.031707
0 0.476965 0.252439 0.048780 0.036585
0 0.216802 0.589024 0.043360 0.051220
0 0.336043 0.689024 0.054201 0.031707
0 0.651762 0.515854 0.084011 0.075610
0 0.789973 0.540244 0.035230 0.036585
