0 0.505556 0.539474 0.055556 0.057895
0 0.609722 0.184211 0.075000 0.036842
0 0.466667 0.257895 0.038889 0.047368
0 0.306944 0.282895 0.041667 0.028947
0 0.155556 0.457895 0.050000 0.063158
0 0.301389 0.567105 0.069444 0.060526
0 0.436111 0.485526 0.022222 0.028947
0 0.437500 0.547368 0.030556 0.026316
0 0.608333 0.614474 0.050000 0.044737
0 0.697222 0.725000 0.061111 0.055263
0 0.662500 0.796053 0.075000 0.065789
0 0.469444 0.767105 0.083333 0.044737
0 0.170833 0.609211 0.041667 0.055263
0 0.187500 0.697368 0.052778 0.052632
0 0.230556 0.764474 0.066667 0.044737
0 0.270833 0.809211 0.041667 0.039474
0 0.229167 0.928947 0.052778 0.036842
0 0.431944 0.947368 0.069444 0.052632
0 0.091667 0.386842 0.033333 0.036842
0 0.183333 0.339474 0.066667 0.052632
